theta=0.2_rate_1_3TestSize_3loop1[[0.838823081230317, -2.2204460492503136e-16, 0.0, 4.440892098500624e-16, -2.2204460492503136e-16]]
theta=0.2_rate_1_3TestSize_3loop1[[0.6705680297376121, 4.440892098500624e-16, 1.1102230246251564e-16, -6.661338147750944e-16, 4.440892098500624e-16]]


theta=0.2_rate_1_3TestSize_3loop1[[0.6705680297376121, 4.440892098500624e-16, 1.1102230246251564e-16, -6.661338147750944e-16, 4.440892098500624e-16]]


theta=0.2_rate_1_3TestSize_3loop2[[0.912274646025523, -2.2204460492503136e-16, 0.0, 0.0, 0.0]]
theta=0.2_rate_1_3TestSize_3loop2[[0.6774928618455008, -4.440892098500628e-16, -2.2204460492503136e-16, 6.661338147750935e-16, -4.440892098500628e-16]]


theta=0.2_rate_1_3TestSize_3loop2[[0.6774928618455008, -4.440892098500628e-16, -2.2204460492503136e-16, 6.661338147750935e-16, -4.440892098500628e-16]]


theta=0.2_rate_1_3TestSize_3loop3[[0.9521187263273726, 0.0, 0.0, 4.440892098500624e-16, -2.2204460492503136e-16]]
theta=0.2_rate_1_3TestSize_3loop3[[0.762082510428491, 4.440892098500624e-16, -4.440892098500628e-16, 4.440892098500624e-16, -4.440892098500628e-16]]


theta=0.2_rate_1_3TestSize_3loop3[[0.762082510428491, 4.440892098500624e-16, -4.440892098500628e-16, 4.440892098500624e-16, -4.440892098500628e-16]]


theta=0.2_rate_1_3TestSize_3loop4[[0.8931843102965894, -2.2204460492503136e-16, 2.2204460492503126e-16, -2.2204460492503136e-16, 2.2204460492503126e-16]]
theta=0.2_rate_1_3TestSize_3loop4[[0.7150402015815835, 4.440892098500624e-16, -4.440892098500628e-16, 4.440892098500624e-16, -4.440892098500628e-16]]


theta=0.2_rate_1_3TestSize_3loop4[[0.7150402015815835, 4.440892098500624e-16, -4.440892098500628e-16, 4.440892098500624e-16, -4.440892098500628e-16]]


theta=0.2_rate_1_3TestSize_3loop5[[0.8931843102965893, 2.2204460492503126e-16, -4.440892098500628e-16, 4.440892098500624e-16, -4.440892098500628e-16]]
theta=0.2_rate_1_3TestSize_3loop5[[0.6757563597978378, 2.2204460492503126e-16, 1.1102230246251564e-16, -6.661338147750944e-16, 4.440892098500624e-16]]


theta=0.2_rate_1_3TestSize_3loop5[[0.6757563597978378, 2.2204460492503126e-16, 1.1102230246251564e-16, -6.661338147750944e-16, 4.440892098500624e-16]]


theta=0.2_rate_1_3TestSize_3loop6[[0.838823081230317, -2.2204460492503136e-16, 1.1102230246251564e-16, 4.440892098500624e-16, -4.440892098500628e-16]]
theta=0.2_rate_1_3TestSize_3loop6[[0.5974118703880272, 1.1102230246251564e-16, -2.2204460492503136e-16, 1.1102230246251564e-16, 1.1102230246251564e-16]]


theta=0.2_rate_1_3TestSize_3loop6[[0.5974118703880272, 1.1102230246251564e-16, -2.2204460492503136e-16, 1.1102230246251564e-16, 1.1102230246251564e-16]]


theta=0.2_rate_1_3TestSize_3loop7[[0.8931843102965894, -2.2204460492503136e-16, 2.2204460492503126e-16, -2.2204460492503136e-16, 2.2204460492503126e-16]]
theta=0.2_rate_1_3TestSize_3loop7[[0.7563157144492496, -2.2204460492503136e-16, 0.0, 0.0, 0.0]]


theta=0.2_rate_1_3TestSize_3loop7[[0.7563157144492496, -2.2204460492503136e-16, 0.0, 0.0, 0.0]]


theta=0.2_rate_1_3TestSize_3loop8[[0.8931843102965894, -2.2204460492503136e-16, 2.2204460492503126e-16, -2.2204460492503136e-16, 2.2204460492503126e-16]]
theta=0.2_rate_1_3TestSize_3loop8[[0.7150402015815835, 4.440892098500624e-16, -4.440892098500628e-16, 4.440892098500624e-16, -4.440892098500628e-16]]


theta=0.2_rate_1_3TestSize_3loop8[[0.7150402015815835, 4.440892098500624e-16, -4.440892098500628e-16, 4.440892098500624e-16, -4.440892098500628e-16]]


theta=0.2_rate_1_3TestSize_3loop9[[0.8215744848882062, -2.2204460492503136e-16, -2.2204460492503136e-16, 1.1102230246251564e-16, 1.1102230246251564e-16]]
theta=0.2_rate_1_3TestSize_3loop9[[0.6315898261625452, 2.2204460492503126e-16, -2.2204460492503136e-16, 4.440892098500624e-16, -2.2204460492503136e-16]]


theta=0.2_rate_1_3TestSize_3loop9[[0.6315898261625452, 2.2204460492503126e-16, -2.2204460492503136e-16, 4.440892098500624e-16, -2.2204460492503136e-16]]


