theta=0.2_rate_1_3TestSize_3loop1[[0.45557466618686837, 4.440892098500624e-16, -2.2204460492503136e-16, 2.2204460492503126e-16, -1.1102230246251577e-15]]
theta=0.2_rate_1_3TestSize_3loop1[[-1.2955586537812076, 4.440892098500624e-16, 4.440892098500624e-16, -1.1102230246251577e-15, 4.440892098500624e-16]]


theta=0.2_rate_1_3TestSize_3loop1[[-1.2955586537812076, 4.440892098500624e-16, 4.440892098500624e-16, -1.1102230246251577e-15, 4.440892098500624e-16]]


theta=0.2_rate_1_3TestSize_3loop2[[0.45557466618686837, 4.440892098500624e-16, -2.2204460492503136e-16, 2.2204460492503126e-16, -1.1102230246251577e-15]]
theta=0.2_rate_1_3TestSize_3loop2[[-1.2955586537812076, 4.440892098500624e-16, 4.440892098500624e-16, -1.1102230246251577e-15, 4.440892098500624e-16]]


theta=0.2_rate_1_3TestSize_3loop2[[-1.2955586537812076, 4.440892098500624e-16, 4.440892098500624e-16, -1.1102230246251577e-15, 4.440892098500624e-16]]


theta=0.2_rate_1_3TestSize_3loop3[[0.45557466618686837, 4.440892098500624e-16, -2.2204460492503136e-16, 2.2204460492503126e-16, -1.1102230246251577e-15]]
theta=0.2_rate_1_3TestSize_3loop3[[-1.2955586537812076, 4.440892098500624e-16, 4.440892098500624e-16, -1.1102230246251577e-15, 4.440892098500624e-16]]


theta=0.2_rate_1_3TestSize_3loop3[[-1.2955586537812076, 4.440892098500624e-16, 4.440892098500624e-16, -1.1102230246251577e-15, 4.440892098500624e-16]]


theta=0.2_rate_1_3TestSize_3loop4[[0.45557466618686837, 4.440892098500624e-16, -2.2204460492503136e-16, 2.2204460492503126e-16, -1.1102230246251577e-15]]
theta=0.2_rate_1_3TestSize_3loop4[[-1.2955586537812076, 4.440892098500624e-16, 4.440892098500624e-16, -1.1102230246251577e-15, 4.440892098500624e-16]]


theta=0.2_rate_1_3TestSize_3loop4[[-1.2955586537812076, 4.440892098500624e-16, 4.440892098500624e-16, -1.1102230246251577e-15, 4.440892098500624e-16]]


theta=0.2_rate_1_3TestSize_3loop5[[0.45557466618686837, 4.440892098500624e-16, -2.2204460492503136e-16, 2.2204460492503126e-16, -1.1102230246251577e-15]]
theta=0.2_rate_1_3TestSize_3loop5[[-1.2955586537812076, 4.440892098500624e-16, 4.440892098500624e-16, -1.1102230246251577e-15, 4.440892098500624e-16]]


theta=0.2_rate_1_3TestSize_3loop5[[-1.2955586537812076, 4.440892098500624e-16, 4.440892098500624e-16, -1.1102230246251577e-15, 4.440892098500624e-16]]


theta=0.2_rate_1_3TestSize_3loop6[[0.45557466618686837, 4.440892098500624e-16, -2.2204460492503136e-16, 2.2204460492503126e-16, -1.1102230246251577e-15]]
theta=0.2_rate_1_3TestSize_3loop6[[-1.2955586537812076, 4.440892098500624e-16, 4.440892098500624e-16, -1.1102230246251577e-15, 4.440892098500624e-16]]


theta=0.2_rate_1_3TestSize_3loop6[[-1.2955586537812076, 4.440892098500624e-16, 4.440892098500624e-16, -1.1102230246251577e-15, 4.440892098500624e-16]]


theta=0.2_rate_1_3TestSize_3loop7[[0.45557466618686837, 4.440892098500624e-16, -2.2204460492503136e-16, 2.2204460492503126e-16, -1.1102230246251577e-15]]
theta=0.2_rate_1_3TestSize_3loop7[[-1.2955586537812076, 4.440892098500624e-16, 4.440892098500624e-16, -1.1102230246251577e-15, 4.440892098500624e-16]]


theta=0.2_rate_1_3TestSize_3loop7[[-1.2955586537812076, 4.440892098500624e-16, 4.440892098500624e-16, -1.1102230246251577e-15, 4.440892098500624e-16]]


theta=0.2_rate_1_3TestSize_3loop8[[0.45557466618686837, 4.440892098500624e-16, -2.2204460492503136e-16, 2.2204460492503126e-16, -1.1102230246251577e-15]]
theta=0.2_rate_1_3TestSize_3loop8[[-1.2955586537812076, 4.440892098500624e-16, 4.440892098500624e-16, -1.1102230246251577e-15, 4.440892098500624e-16]]


theta=0.2_rate_1_3TestSize_3loop8[[-1.2955586537812076, 4.440892098500624e-16, 4.440892098500624e-16, -1.1102230246251577e-15, 4.440892098500624e-16]]


theta=0.2_rate_1_3TestSize_3loop9[[0.45557466618686837, 4.440892098500624e-16, -2.2204460492503136e-16, 2.2204460492503126e-16, -1.1102230246251577e-15]]
theta=0.2_rate_1_3TestSize_3loop9[[-1.2955586537812076, 4.440892098500624e-16, 4.440892098500624e-16, -1.1102230246251577e-15, 4.440892098500624e-16]]


theta=0.2_rate_1_3TestSize_3loop9[[-1.2955586537812076, 4.440892098500624e-16, 4.440892098500624e-16, -1.1102230246251577e-15, 4.440892098500624e-16]]


